00000000000000000000000000000000
00000000000000000000000000000000
00000000000000000000000000000000
00000000000000000000000000000000
00000000000000000000111000000000
00000000000000000000111000000000
00000000000001111111111110000000
00000000000011111111111111000000
00000000000011111111111111000000
00000000000011110000111111100000
00000000000000000000111111100000
00000000000000000000111011100000
00000000000000000000111011100000
00000000000000000000111011100000
00000000000000000000111111100000
00000000000000000000111111100000
00000000000000000000111111000000
00000000000000000000111111000000
00000000000000000000111110000000
00000000000000000000111110000000
00000000000000000001111100000000
00000000000000000001111100000000
00000000000000000011111000000000
00000000000000001111111000000000
00000000000000011111111000000000
00000000000011111111111000000000
00000001111111111111111111111100
00000001111111111111111111111111
00000001111111111111111111111111
00000000000000000001111000001111
00000000000000000001111000000000
00000000000000000001110000000000
