00000000000000000000000000000000
00000000000000000000000000000000
00000000000000000000000000000000
00000000000000000000000000000000
00000000000000000000111000000000
00000000000001111111111111111110
00000000000111111111111111111111
00000000000111111111111111111111
00000000000111111111111111000111
00000000000011110000111111100011
00000000000000000000111111100011
00000000000000000000111011100011
00000000000000000000111011100111
00000000000000000000111011101111
00000000000000000000111111111111
00000000000111111111111111111110
00000000000111111111111111111000
00000000000111111111111111111000
00000000000111111110111111111100
00000000000000000000111111111111
00000000000000000001111100011111
00000000000000000001111100001111
00000000000000000011111000000111
00000000000000001111111000000111
00000000000000011111111000000111
00000000000011111111111000011111
00000001111111111111111111111111
00000001111111111111111111111111
00000001111111111111111111111111
00000001111111111111111111111111
00000001111111111111111111100000
00000001111111111111111100000000
