00000000000000000000000000000000
00000000000000000000000000000000
00000000000000000000000000000000
00000000000000000000000000000000
00000000000011100000111000000000
00000000000011111111111111111110
00000000000111111111111111111111
00000000000111111111111111111111
00000000000111111111111111000111
00000000000111110000111111100011
00000000000111000000111111100011
00000000001111000000111111100011
00000000001111000000111111100111
00000000011110000000111111101111
00000000011110000000111111111111
00000000011111111111111111111110
00000000011111111111111111111000
00000000011111111111111111111111
00000000011111111110111111111111
00000000011110000001111111111111
00000000011111111111111111111111
00000000001111111111111110001111
00000000000000000011111110000111
00000000000000001111111110000111
00000000000000011111111110000111
00000000000011111111111110011111
00000001111111111111111111111111
00000001111111111111111111111111
00000001111111111111111111111111
00000001111111111111111111111111
00000001111111111111111111100000
00000001111111111111111100000000
