00000000000000000000000000000000
00000000000000000000000000000000
00000000000000000000000000000000
00000000000000000000000000000000
00000000000011100111111111111110
00000000011111111111111111111111
00000000011111111111111111111111
00000000011111111111111111111111
00000000000111111111111111000111
00000000000111110000111111100111
00000000000111100000111111101111
00000000001111100000111111111111
00000000001111100000111111111111
00000000011111111111111111111111
00000000011111111111111111111111
00000000011111111111111111111110
00000000011111111111111111111000
00000000011111111111111111111111
00000000111111111110111111111111
00000000111110000001111111111111
00000000111111111111111111111111
00000000111111111111111111111111
00000000111000000011111111111111
00000000111000001111111111111111
00000000111100011111111111111111
00000000111111111111111111111111
00000001111111111111111111111111
00000001111111111111111111111111
00000001111111111111111111111111
00000001111111111111111111111111
01110001111111111111111111100000
01111111111111111111111111000000
