00000000000000000000000000000000
00000000000000000000000000000000
00000000000000000111111111111000
00000000000111111111111111111110
00000000000111111111111111111111
00000000011111111111111111111111
00000000011111111111111111111111
00000000011111111111111111111111
00000000001111111111111111111111
00000000001111110000111111111111
00000000001111110111111111111111
00000000001111111111111111111111
00000000001111111111111111111111
00000000111111111111111111111111
00000011111111111111111111111111
00000111111111111111111111111110
00001111111111111111111111111000
00011111111111111111111111111111
00011110111111111111111111111111
00111110111110000011111111111111
00111000111111111111111111111111
00111000111111111111111111111111
00111000111000000011111111111111
00111000111000001111111111111111
00111000111100011111111111111111
00111100111111111111111111111111
00111111111111111111111111111111
00011111111111111111111111111111
00011111111111111111111111111111
00000111111111111111111111111111
01110011111111111111111111111100
01111111111111111111111111111100
